000 000 000 000 000 000 000 000 000 000 000 000 000 000 000 000 000 000 000 000 000 000 000 000 000 000 000 000 
000 000 000 000 000 000 000 000 000 000 000 000 000 000 000 000 000 000 000 000 000 000 000 000 000 000 000 000 
000 000 000 000 000 000 000 000 000 000 000 000 000 000 000 000 000 000 000 000 000 000 000 000 000 000 000 000 
000 000 000 000 000 000 000 000 000 000 000 000 000 000 000 000 000 000 000 000 000 000 000 000 000 000 000 000 
000 000 000 000 000 000 000 000 000 000 10 17 17 17 17 81 180 180 35 000 000 000 000 000 000 000 000 000 
000 000 000 000 000 000 000 000 000 000 139 253 253 253 253 253 253 253 48 000 000 000 000 000 000 000 000 000 
000 000 000 000 000 000 000 000 000 60 228 253 253 253 253 253 253 253 207 197 46 000 000 000 000 000 000 000 
000 000 000 000 000 000 000 000 000 213 253 253 253 253 253 253 253 253 253 253 223 52 000 000 000 000 000 000 
000 000 000 000 000 000 000 000 000 66 231 253 253 253 108 40 40 115 244 253 253 134 3 000 000 000 000 000 
000 000 000 000 000 000 000 000 000 000 63 114 114 114 37 000 000 000 205 253 253 253 15 000 000 000 000 000 
000 000 000 000 000 000 000 000 000 000 000 000 000 000 000 000 000 000 57 253 253 253 15 000 000 000 000 000 
000 000 000 000 000 000 000 000 000 000 000 000 000 000 000 000 000 000 42 253 253 253 15 000 000 000 000 000 
000 000 000 000 000 000 000 000 000 000 000 000 000 000 000 000 000 000 95 253 253 253 15 000 000 000 000 000 
000 000 000 000 000 000 000 000 000 000 000 000 000 000 000 000 000 000 205 253 253 253 15 000 000 000 000 000 
000 000 000 000 000 000 000 000 000 000 000 000 61 99 96 000 000 45 224 253 253 195 10 000 000 000 000 000 
000 000 000 000 000 000 11 25 105 83 189 189 228 253 251 189 189 218 253 253 210 27 000 000 000 000 000 000 
000 000 000 000 42 116 173 253 253 253 253 253 253 253 253 253 253 253 253 253 221 116 7 000 000 000 000 000 
000 000 000 000 118 253 253 253 253 245 212 222 253 253 253 253 253 253 253 253 253 253 160 15 000 000 000 000 
000 000 000 000 254 253 253 253 189 99 000 32 202 253 253 253 240 122 122 190 253 253 253 174 000 000 000 000 
000 000 000 000 255 253 253 253 238 222 222 222 241 253 253 230 70 000 000 17 175 229 253 253 000 000 000 000 
000 000 000 000 158 253 253 253 253 253 253 253 253 205 106 65 000 000 000 000 000 62 244 157 000 000 000 000 
000 000 000 000 6 26 179 179 179 179 179 30 15 10 000 000 000 000 000 000 000 000 14 6 000 000 000 000 
000 000 000 000 000 000 000 000 000 000 000 000 000 000 000 000 000 000 000 000 000 000 000 000 000 000 000 000 
000 000 000 000 000 000 000 000 000 000 000 000 000 000 000 000 000 000 000 000 000 000 000 000 000 000 000 000 
000 000 000 000 000 000 000 000 000 000 000 000 000 000 000 000 000 000 000 000 000 000 000 000 000 000 000 000 
000 000 000 000 000 000 000 000 000 000 000 000 000 000 000 000 000 000 000 000 000 000 000 000 000 000 000 000 
000 000 000 000 000 000 000 000 000 000 000 000 000 000 000 000 000 000 000 000 000 000 000 000 000 000 000 000 
000 000 000 000 000 000 000 000 000 000 000 000 000 000 000 000 000 000 000 000 000 000 000 000 000 000 000 000 
